# Syntax:
# DESCID EPOCHE Größe POSX POSY
# Position sind relativ zum Zeichen-Ursprung des Gebäudes (also einfach in Gimp ablesbar)
# Mehrere Feuer pro Haus erlaubt (maximal 5), die werden dann mit zunehmender Beschädigung eingeblendet. Bei 10% Energie sind spätestens, alle sichtbar, erste Feuer gibts, sobald die Energie unter 80% fällt
# Epochen-Werte gelten nur für die angegebene Epoche, danach ändert sich ja ohnehin das Bild...
1 1 5 78 72
1 1 15 140 40
1 1 5 178 61
1 1 30 50 70
1 2 5 54 62
1 2 15 200 60
1 2 5 135 8
1 2 30 82 59
1 2 40 156 50
1 3 10 85 145
1 3 20 92 61
1 3 30 200 80
1 3 20 147 43
1 4 10 85 145
1 4 20 92 61
1 4 30 200 80
1 4 20 147 43
2 1 10 70 51
2 1 30 54 32
2 2 10 83 80
2 2 30 58 70
2 2 5 38 32
2 3 5 144 70
2 3 5 52 71
2 3 15 91 57
2 3 25 112 42
2 4 5 144 70
2 4 5 52 71
2 4 15 91 57
2 4 25 112 42
3 1 10 130 78
3 1 10 67 62
3 1 30 156 74
3 2 5 126 106
3 2 10 96 137
3 2 45 39 113
3 2 15 177 99
3 2 20 102 68
3 3 5 92 63
3 3 5 50 138
3 3 5 173 119
3 3 30 160 70
3 4 5 92 63
3 4 5 50 138
3 4 5 173 119
3 4 30 160 70
4 1 5 75 64
4 1 10 104 83
4 1 15 28 77
4 1 30 78 41
4 2 5 101 43
4 2 5 38 85
4 2 30 105 81
4 2 20 70 48
4 3 10 73 52
4 3 15 67 34
4 3 5 113 38
4 4 10 73 52
4 4 15 67 34
4 4 5 113 38
5 1 30 44 29
5 2 5 53 11
5 2 5 26 35
5 2 15 45 37
5 3 5 48 67
5 3 5 26 77
5 3 20 39 50
5 4 5 48 67
5 4 5 26 77
5 4 20 39 50
6 2 5 37 64
6 2 8 85 60
6 2 5 93 13
6 2 15 63 59
6 3 10 41 65
6 3 5 65 73
6 3 5 97 54
6 3 20 87 104
6 3 30 64 42
7 2 5 95 112
7 2 10 166 58
7 2 5 23 43
7 2 30 53 82
7 3 5 113 84
7 3 5 54 106
7 3 20 123 132
7 3 15 84 64
7 4 5 113 84
7 4 5 54 106
7 4 20 123 132
7 4 15 84 64
8 2 10 126 87
8 2 5 68 42
8 2 30 100 76
8 3 5 74 95
8 3 5 116 121
8 3 5 29 65
8 4 5 74 95
8 4 5 116 121
8 4 5 29 65
9 3 10 92 71
9 3 15 129 88
9 4 10 92 71
9 4 15 129 88
10 3 5 46 63
10 3 5 104 50
10 3 5 166 71
10 4 5 46 63
10 4 5 104 50
10 4 5 166 71
11 3 5 129 83
11 3 5 99 115
11 3 5 44 20
11 4 5 129 83
11 4 5 99 115
11 4 5 44 20
#UNDEAD
1001 1 10 73 143
1001 1 5 198 64
1001 1 30 92 82
1001 1 30 136 111
1001 2 10 73 143
1001 2 5 198 64
1001 2 30 92 82
1001 2 30 136 111
1001 3 20 90 155
1001 3 30 119 80
1001 4 5 118 129
1001 4 5 181 98
1001 4 5 142 66
1001 4 40 190 24
1001 4 50 94 61
1002 1 5 60 44
1002 1 30 58 53
1002 2 5 59 67
1002 2 5 80 53
1002 2 5 36 51
1002 2 5 36 82
1002 2 5 79 85
1002 3 30 58 61
1002 4 30 58 61
1003 1 10 86 128
1003 1 10 162 77
1003 1 10 62 63
1003 1 10 190 107
1003 2 10 86 128
1003 2 10 162 77
1003 2 10 62 63
1003 2 10 190 107
1003 3 20 125 145
1003 3 5 160 85
1003 4 20 125 145
1003 4 5 160 85
1004 1 5 119 52
1004 1 10 51 25
1004 1 10 23 45
1004 1 30 96 78
1004 2 5 119 52
1004 2 10 51 25
1004 2 10 23 45
1004 2 30 96 78
1004 3 5 67 56
1004 4 30 79 29
1005 1 10 36 42
1005 2 10 36 42
1005 3 5 37 14
1005 3 10 40 49
1005 4 5 37 14
1005 4 10 40 49
1008 2 30 82 37
1008 2 20 107 117
1008 3 40 100 110
1008 4 40 100 110
1010 3 5 43 45
1010 3 5 116 46
1010 3 5 45 100
1010 3 5 114 100
1010 3 40 80 75
1010 4 5 43 45
1010 4 5 116 46
1010 4 5 45 100
1010 4 5 114 100
1010 4 40 80 75